1	2	3	4	5	6	7	8	9	10	
1	3	5	7	9	11	13	15	17	19	
1	4	7	10	13	16	19	22	25	28	
1	5	9	13	17	21	25	29	33	37	
1	6	11	16	21	26	31	36	41	46	
1	7	13	19	25	31	37	43	49	55	
1	8	15	22	29	36	43	50	57	64	
1	9	17	25	33	41	49	57	65	73	
1	10	19	28	37	46	55	64	73	82	
1	11	21	31	41	51	61	71	81	91	

